7506587 7916222 9895152 6592104 2746627 5149583 4492191 1980999 9867838 7612295 2428597 9513126 3813040 7130760 9462199
4373980 2913527 9230223 1030198 7003663 4480351 7364530 5693013 1423035 2176797 3347686 9503913 6650395 2637445 9423751
5749980 2949573 2304970 8235446 6696631 4663056 5587877 5812302 3876960 9048774 9221525 5714821 8269150 9569182 4542019
4579779 9780730 1012290 6048331 8943382 8746701 7755503 3501884 2893083 9217280 9745144 2625840 7873298 4863205 5953566
5629695 5161119 1988951 4467019 2762186 8644835 5483377 7411944 8937349 4071415 7318442 1497862 8745512 3499094 6771312
3135049 6775340 5159754 6200173 6519376 3261661 3212017 7542361 3912459 8635296 2062714 9935630 2482810 6246771 7209702
9073015 4191804 9849842 5153414 1206975 6573529 4892541 3942270 8579785 5768502 2650245 3501154 5493031 2240967 3167245
6526462 8679030 4432064 9475440 1381795 4393840 5265938 8877219 5086676 9510028 1668037 7707934 8752601 7427252 2070659
9372037 5102456 7278555 9246533 6746362 4984404 7989560 4742210 6036058 8332712 4366150 2032046 2675110 1608275 2452675
5517367 9663879 3274857 9154370 8379710 3397204 4120458 1943911 8773671 2425198 8847473 9988760 6848221 5738436 8935619
2213432 2339714 1964415 7534574 9904521 9975400 1368690 5689386 1961871 7990411 4464491 3391094 7499731 5060797 3125061
4845350 2223651 8487031 2735801 9551682 8669885 2952096 8888988 7383811 3484210 7774050 4170630 3931933 9020477 3687604
8738981 3284919 5564169 9030986 4266380 3313194 3218466 2076097 7403172 1134483 9706047 2843657 8553682 9255246 1240993
4385704 8863201 4038028 9428132 4472903 9512068 9390991 4448445 6392254 9724272 2496649 5894973 2677956 9420058 2160231
8978359 1782774 8562703 1342501 3712628 3450409 4109299 2708137 3287425 2622188 2226345 8264164 1453126 5166239 1457996
4837000 7985373 2787260 8718135 2955757 1838206 3840182 4986186 7348992 7381377 5059033 6893505 6979600 2971435 9577960
7014430 6732474 5453001 3535906 2105657 5347898 2078831 7442297 4115247 9843878 9111071 9241752 5105450 4966327 4323192
2521019 8100913 9515200 7212995 9243093 5063996 4701982 3183295 3551843 3211024 7813443 8504527 9772491 2086272 4005577
6919531 5327357 2093801 3128414 2783338 6272838 6217564 1611263 4137689 8069268 4595591 6927923 7476300 3074232 5398984
2964803 4795840 6722368 7398949 6534441 4399529 7359098 6921927 7678611 3550428 6033975 4843782 1225171 9577761 9483328